Performing grid search...
pipeline: cromosoma
parameters: {'countV__ngram_range': ((2, 3), (2, 4), (2, 5), (3, 4), (3, 5))}
done in 50.381s

Best score: 0.543
Best parameters set:
	steps: [('countV', CountVectorizer(analyzer='char', binary=False, decode_error='strict',
        dtype=<class 'numpy.int64'>, encoding='utf-8', input='content',
        lowercase=False, max_df=1.0, max_features=None, min_df=1,
        ngram_range=(2, 4), preprocessor=None, stop_words=None,
        strip_accents=None, token_pattern='(?u)\\b\\w\\w+\\b',
        tokenizer=None, vocabulary=None)), ('clf', MultinomialNB(alpha=1.0, class_prior=None, fit_prior=True))]
	countV: CountVectorizer(analyzer='char', binary=False, decode_error='strict',
        dtype=<class 'numpy.int64'>, encoding='utf-8', input='content',
        lowercase=False, max_df=1.0, max_features=None, min_df=1,
        ngram_range=(2, 4), preprocessor=None, stop_words=None,
        strip_accents=None, token_pattern='(?u)\\b\\w\\w+\\b',
        tokenizer=None, vocabulary=None)
	clf: MultinomialNB(alpha=1.0, class_prior=None, fit_prior=True)
	countV__analyzer: 'char'
	countV__binary: False
	countV__decode_error: 'strict'
	countV__dtype: <class 'numpy.int64'>
	countV__encoding: 'utf-8'
	countV__input: 'content'
	countV__lowercase: False
	countV__max_df: 1.0
	countV__max_features: None
	countV__min_df: 1
	countV__ngram_range: (2, 4)
	countV__preprocessor: None
	countV__stop_words: None
	countV__strip_accents: None
	countV__token_pattern: '(?u)\\b\\w\\w+\\b'
	countV__tokenizer: None
	countV__vocabulary: None
	clf__alpha: 1.0
	clf__class_prior: None
	clf__fit_prior: True
Classification report:
             precision    recall  f1-score   support

          0       0.37      0.21      0.27        33
          1       0.37      0.56      0.44        27

avg / total       0.37      0.37      0.35        60

Model properties:
Matriz de Probabilidades:  [[-12.98028258  -3.49775943 -13.93579402  -4.57184883 -15.54523193
   -5.62905029  -6.31283657  -6.10516969  -5.91345468  -5.27979587
  -16.23837911  -6.14791419  -6.7831337   -7.71202798  -6.58881654
   -5.02287634 -15.13976682  -6.28210938  -6.52702106  -6.29365365
   -6.56783295  -4.79793832 -14.85208475  -5.73342117  -6.70212202
   -6.27572683  -6.2653655   -4.09546993 -16.23837911  -4.99865442
  -15.13976682  -6.16853002  -6.65592361  -6.44308943  -6.33399197
   -5.60283622 -15.54523193  -6.67914398  -6.93984473  -8.04359748
   -6.77572481  -6.54728065  -8.00010649  -8.07017618  -7.82610209
   -7.85723477  -5.34336349 -15.54523193  -6.98306538  -6.82836855
   -6.57207065  -6.59223843  -3.8309342  -14.6289412   -5.0480861
  -15.54523193  -6.15494783  -6.77821431  -6.34236945  -6.57099371
   -5.34965329 -15.54523193  -6.40670985  -6.64461476  -7.69493355
   -6.6125573   -5.16236299 -16.23837911  -6.32781665  -6.61506853
   -6.53456276  -6.76790774  -5.341288   -16.23837911  -6.8527418
   -6.82191928  -6.67344596  -6.58585605  -3.623909   -14.29246896
   -4.83809617 -14.85208475  -5.81345246  -6.76091658  -6.79336195
   -5.93106112  -5.40241257 -16.23837911  -6.53322056  -6.61685667
   -8.12945496  -6.55759771  -5.13313621 -16.23837911  -6.53218463
   -6.72793415  -6.49794004  -6.35448221  -4.78524612 -15.54523193
   -5.90959115  -6.6463883   -6.44030763  -5.89821853 -14.04115454
   -3.73620246 -14.85208475  -4.94699848 -15.13976682  -6.01483911
   -6.53541782  -6.44710886  -6.42143032  -5.38346537  -6.31054047
   -6.77844802  -7.86713698  -6.68147474  -5.08491819 -15.13976682
   -6.33089954  -6.50455359  -6.49682243  -6.56827486  -5.12293571
  -15.54523193  -6.69371166  -6.57245102  -6.55578764  -6.2660187
   -3.9532735  -14.85208475  -5.05195971 -15.54523193  -6.24427419
   -6.66221577  -6.39432314  -6.49823436  -5.27951738 -15.54523193
   -6.39905682  -6.56241971  -7.51270941  -6.52019757  -6.25524893
  -15.54523193  -7.73063038  -7.58700474  -7.4696493   -7.81352053
   -5.15339445 -15.54523193  -7.07063314  -6.47991733  -6.48647055
   -6.28054543  -5.05929136 -15.13976682  -6.51306175 -15.54523193
   -7.67640378  -8.14095281  -7.75951104  -8.10361833  -6.51186743
   -7.83413068  -7.59525837  -8.85563266  -7.71838983  -6.24761355
  -15.54523193  -7.62496706  -7.50172916  -7.47792607  -8.01770694
   -6.53933603  -8.23601957  -8.00540732  -7.88771287  -7.65896258
   -3.82665909 -15.13976682  -5.62057015 -15.54523193  -6.95181872
   -7.1611131   -7.16351488  -6.79859508  -5.23995268 -16.23837911
   -6.58028072  -6.38345175  -7.74547861  -6.32479273  -5.07423129
  -14.85208475  -6.55841018  -6.48461041  -6.38156397  -6.4262396
   -5.02017376 -14.85208475  -6.87652009  -6.35662605  -6.43415956
   -6.1054479  -13.46579039  -3.94242006 -14.15893757  -5.08967125
  -14.44661964  -6.1431974   -6.90502497  -6.3584673   -6.66318732
   -5.67042682  -6.68700549  -7.15587211  -7.97041681  -6.8365097
   -5.24214645  -6.40950735  -6.8540014   -6.48432007  -6.84863811
   -5.40245193  -6.84630069  -7.1061084   -6.60016004  -6.67492011
   -4.14726849 -14.85208475  -5.28918791  -6.55373188  -7.01246071
   -6.49711642  -6.71468892  -5.39748534 -16.23837911  -6.49782234
   -6.81607748  -7.47635916  -6.60087738  -6.5078174   -8.00116441
   -8.0046104   -7.58980684  -8.05526103  -5.35129738  -7.25155736
   -6.86591989  -6.49523638  -6.5158141   -3.95194381 -14.44661964
   -5.13992418 -14.85208475  -6.29591126  -6.93691915  -6.38676397
   -6.60074691  -5.40111461 -15.13976682  -6.56713893  -6.64632003
   -7.6153855   -6.63451127  -5.27458707 -16.23837911  -6.42700685
   -6.79605439  -6.56141582  -6.93719306  -5.59204986 -15.13976682
   -7.34714268  -7.12081214  -6.77293152  -6.78501413  -4.09114924
  -15.13976682  -5.653134   -15.54523193  -6.85543088  -7.5623036
   -7.15883103  -6.76336944  -5.65967925 -16.23837911  -6.85745244
   -6.93482166  -8.09893859  -6.76352295  -5.38412211  -6.78980955
   -7.00892262  -6.66764074  -6.6540643   -5.27049122 -15.13976682
   -7.10287005  -6.9145315   -6.52677872  -6.28638715 -13.24264684
   -3.82717619 -14.29246896  -5.01143051 -15.54523193  -6.13916032
   -7.09792487  -6.87103499  -5.93675323  -5.65030593 -16.23837911
   -6.47254573  -7.35932445  -8.2617837   -6.83395332  -5.61978721
  -16.23837911  -6.78902184  -7.21581515  -7.07628405  -6.99132116
   -4.83238206 -15.13976682  -6.03883218  -6.85031105  -6.69686624
   -5.71706077  -3.93631924 -15.13976682  -5.17526257  -6.41058541
   -6.78831343  -6.55759771  -6.52605207  -5.13604186 -15.54523193
   -6.22976607  -6.42656835  -7.62714928  -6.3165606   -6.49953038
  -15.54523193  -7.88984129  -8.00940147  -7.68331227  -7.99535964
   -5.03900069 -16.23837911  -6.77969539  -6.41225868  -6.30776289
   -6.27624537  -3.73430408 -14.6289412   -5.17829342 -15.13976682
   -6.3597992   -6.86303291  -6.55803511  -6.54062505  -5.28627516
   -6.4415863   -6.55317196  -7.82034349  -6.41312341  -5.04614112
  -14.6289412   -6.23125253  -6.5013004   -6.38387174  -6.66325675
   -4.99711803  -6.4754188   -6.68274836  -6.31700253  -6.13805092
   -3.48849491 -13.93579402  -5.00271026 -15.54523193  -6.39857711
   -6.84705141  -6.95674186  -5.79550764  -5.07842119 -15.13976682
   -6.34156377  -6.27610392  -7.65614753  -6.15896541  -4.94108796
  -15.54523193  -6.41382655  -6.54796103  -6.23283149  -6.16043418
   -4.56115181 -14.85208475  -6.14125921  -6.11820884  -5.99881226
   -5.62302077]
 [-13.3782198   -3.47960008 -14.11218898  -4.53999874 -15.90394845
   -5.60228899  -6.26912496  -6.09890097  -5.86222185  -5.24890331
  -15.90394845  -6.10996889  -6.76338697  -7.72404783  -6.54630939
   -5.025656   -15.90394845  -6.25771076  -6.5596018   -6.31212833
   -6.55628389  -4.7884604  -14.80533616  -5.79952205  -6.65256211
   -6.2258883   -6.20077332  -4.08562502 -15.21080127  -4.9954361
  -16.59709563  -6.16938263  -6.66157661  -6.44246033  -6.31729719
   -5.57457244 -15.90394845  -6.61322696  -6.96345023  -8.03703454
   -6.74085693  -6.58933816  -7.96925592  -8.15376429  -7.88845597
   -7.91151079  -5.3234685  -15.90394845  -6.97477807  -6.84147024
   -6.56701948  -6.52504743  -3.83500509 -15.21080127  -5.02640138
  -14.80533616  -6.12948816  -6.77054312  -6.36279468  -6.49369221
   -5.38246839 -15.90394845  -6.41438669  -6.70512413  -7.79728316
   -6.62763309  -5.18381372 -15.21080127  -6.33025051  -6.69026368
   -6.55942689  -6.75473908  -5.33170887 -15.90394845  -6.8474588
   -6.83770942  -6.68113617  -6.538358    -3.62681174 -14.80533616
   -4.88459825 -15.90394845  -5.88717685  -6.79774712  -6.74848674
   -5.9920464   -5.37086606 -15.90394845  -6.50501456  -6.6147969
   -8.13035398  -6.48940273  -5.08347041 -15.90394845  -6.45608836
   -6.71498494  -6.43347707  -6.31547991  -4.80482777 -15.49848334
   -6.0811017   -6.57298463  -6.39187518  -5.86684826 -13.82450691
   -3.72419668 -15.90394845  -4.93531922 -16.59709563  -5.9949511
   -6.52983244  -6.46396569  -6.38943769  -5.38272446  -6.32080391
   -6.76135173  -7.91948572  -6.66424347  -5.08996693 -15.90394845
   -6.31781211  -6.52919594  -6.50982925  -6.56732791  -5.08467029
  -16.59709563  -6.6472017   -6.56293075  -6.49832916  -6.22679704
   -3.96854345 -14.80533616  -5.04390192 -15.90394845  -6.24352021
   -6.66545803  -6.40561355  -6.45081877  -5.30717622 -15.90394845
   -6.41465146  -6.58717813  -7.55647653  -6.55850916  -6.30827765
  -16.59709563  -7.76188517  -7.67377088  -7.52085824  -7.85149278
   -5.1716471  -15.90394845  -7.05968422  -6.498864    -6.52724654
   -6.29359112  -5.12042967 -16.59709563  -6.54428331 -15.49848334
   -7.69396     -8.16917091  -7.81569372  -8.12448148  -6.59407953
   -7.87598248  -7.69695564  -9.01181455  -7.79277052  -6.31750312
  -16.59709563  -7.70820096  -7.5793696   -7.5537548   -8.04569427
   -6.59847973  -8.28865011  -8.05560014  -7.93113766  -7.74114709
   -3.82305078 -14.80533616  -5.59160155 -16.59709563  -6.92914055
   -7.14216337  -7.14742345  -6.74864521  -5.2431659  -15.90394845
   -6.57094806  -6.37036583  -7.79818814  -6.34178991  -5.09229307
  -14.98765772  -6.54428331  -6.52703488  -6.40157299  -6.4482726
   -5.00498937 -15.49848334  -6.84897616  -6.34806992  -6.44499173
   -6.07252097 -13.82450691  -3.92750283 -14.19920036  -5.04928576
  -14.29451054  -6.0867816   -6.86380345  -6.36412449  -6.59028463
   -5.65949875  -6.68049444  -7.10564473  -8.04937323  -6.82200979
   -5.27068048  -6.42121732  -6.91083169  -6.53429929  -6.84576907
   -5.37001393  -6.80840183  -7.07853553  -6.56671114  -6.64510367
   -4.18089983 -15.49848334  -5.28718026  -6.52826314  -7.01264323
   -6.53195702  -6.69420826  -5.45931462 -15.90394845  -6.52928078
   -6.86784242  -7.58581614  -6.68603681  -6.60408735  -8.06540799
   -8.10891939  -7.68556569  -8.17883919  -5.37789714  -7.24343444
   -6.88198795  -6.5411016   -6.54738877  -3.97174373 -14.65118548
   -5.14435551 -15.90394845  -6.27135141  -6.94656671  -6.40741461
   -6.62147348  -5.45196384 -15.90394845  -6.57245295  -6.73542014
   -7.69464004  -6.6875763   -5.30798894 -15.90394845  -6.44702147
   -6.8607849   -6.59716218  -6.9543886   -5.58110932 -16.59709563
   -7.3164832   -7.12716406  -6.76258309  -6.77248896  -4.0900521
  -15.90394845  -5.66051256 -16.59709563  -6.87681002  -7.53293777
   -7.1382559   -6.79425748  -5.67176885 -15.90394845  -6.84414031
   -6.95043769  -8.22631646  -6.7675776   -5.38086607  -6.78205685
   -7.01767755  -6.66395219  -6.64686763  -5.2567632  -15.90394845
   -7.0696843   -6.8720173   -6.54527428  -6.27197439 -13.70672387
   -3.8542548  -15.49848334  -5.02921807 -15.90394845  -6.11019206
   -7.06394738  -6.86754488  -6.02089322  -5.66086853 -15.49848334
   -6.50596736  -7.32359268  -8.29359083  -6.83528685  -5.58982584
  -15.90394845  -6.71187389  -7.23214754  -7.06895629  -6.96397427
   -4.902182   -16.59709563  -6.15113845  -6.8080654   -6.63888318
   -5.84782565  -3.91855988 -14.80533616  -5.13975687  -6.38230714
   -6.77525207  -6.53102165  -6.45739037  -5.13358102 -15.49848334
   -6.21022559  -6.44308285  -7.66766035  -6.3048145   -6.55523841
  -16.59709563  -7.950103    -8.06206252  -7.75521364  -8.02730999
   -5.00678329 -15.21080127  -6.70892478  -6.38663822  -6.30224189
   -6.23668969  -3.72382971 -14.65118548  -5.13964059 -15.49848334
   -6.27059779  -6.8195682   -6.59811609  -6.49324197  -5.29195723
   -6.41295062  -6.57867354  -7.91032845  -6.41593846  -5.03937846
  -15.49848334  -6.2064401   -6.51157823  -6.40880514  -6.62384883
   -4.99500611  -6.50034658  -6.68544151  -6.30126198  -6.12568404
   -3.47807584 -14.65118548  -5.04876441 -15.90394845  -6.34298642
   -6.87130036  -6.92579237  -5.93732179  -5.03683821 -15.49848334
   -6.26739308  -6.27364852  -7.70544652  -6.09175415  -4.93432876
  -15.90394845  -6.36729441  -6.52915352  -6.24712899  -6.17424897
   -4.53194159 -15.90394845  -6.1099131   -6.07045427  -5.99348528
   -5.59025703]]