Performing grid search...
pipeline: cromosoma
parameters: {'countV__ngram_range': ((2, 3), (2, 4), (2, 5), (3, 4), (3, 5))}
done in 45.509s

Best score: 0.572
Best parameters set:
	steps: [('countV', CountVectorizer(analyzer='char', binary=False, decode_error='strict',
        dtype=<class 'numpy.int64'>, encoding='utf-8', input='content',
        lowercase=False, max_df=1.0, max_features=None, min_df=1,
        ngram_range=(2, 4), preprocessor=None, stop_words=None,
        strip_accents=None, token_pattern='(?u)\\b\\w\\w+\\b',
        tokenizer=None, vocabulary=None)), ('clf', MultinomialNB(alpha=1.0, class_prior=None, fit_prior=True))]
	countV: CountVectorizer(analyzer='char', binary=False, decode_error='strict',
        dtype=<class 'numpy.int64'>, encoding='utf-8', input='content',
        lowercase=False, max_df=1.0, max_features=None, min_df=1,
        ngram_range=(2, 4), preprocessor=None, stop_words=None,
        strip_accents=None, token_pattern='(?u)\\b\\w\\w+\\b',
        tokenizer=None, vocabulary=None)
	clf: MultinomialNB(alpha=1.0, class_prior=None, fit_prior=True)
	countV__analyzer: 'char'
	countV__binary: False
	countV__decode_error: 'strict'
	countV__dtype: <class 'numpy.int64'>
	countV__encoding: 'utf-8'
	countV__input: 'content'
	countV__lowercase: False
	countV__max_df: 1.0
	countV__max_features: None
	countV__min_df: 1
	countV__ngram_range: (2, 4)
	countV__preprocessor: None
	countV__stop_words: None
	countV__strip_accents: None
	countV__token_pattern: '(?u)\\b\\w\\w+\\b'
	countV__tokenizer: None
	countV__vocabulary: None
	clf__alpha: 1.0
	clf__class_prior: None
	clf__fit_prior: True
Classification report:
             precision    recall  f1-score   support

          0       0.47      0.56      0.51        32
          1       0.36      0.29      0.32        28

avg / total       0.42      0.43      0.42        60

Model properties:
Matriz de Probabilidades:  [[-13.49958974  -3.47249172 -14.19273692  -4.52864357 -14.79887273
   -5.60225947  -6.24782576  -6.07125655  -5.85597616  -5.23725361
  -15.89748501  -6.09744315  -6.75376533  -7.81833178  -6.50390684
   -5.01343699 -15.49201991  -6.24419109  -6.5540571   -6.32716516
   -6.50565677  -4.79379174 -15.89748501  -5.85665148  -6.61608058
   -6.21358484  -6.17557929  -4.08108287 -15.89748501  -4.97683929
  -15.89748501  -6.16451891  -6.64011794  -6.41323193  -6.29439335
   -5.59147    -15.89748501  -6.62323132  -6.97843321  -8.16511579
   -6.73854321  -6.69830671  -8.0744395   -8.31857257  -8.0271281
   -7.95370232  -5.29215073  -6.9154892   -6.8231362   -6.53614177
   -6.50199376  -3.82434109 -14.98119428  -5.01399042 -15.89748501
   -6.09484042  -6.78211488  -6.36778223  -6.47587126  -5.38189766
  -16.59063219  -6.38507901  -6.72770625  -7.93159228  -6.6030333
   -5.19904984 -16.59063219  -6.35156566  -6.72469076  -6.58811412
   -6.72505422  -5.28490312 -15.89748501  -6.8149212   -6.81106522
   -6.62783854  -6.47219457  -3.62685666 -15.49201991  -4.91076111
  -15.49201991  -5.95412792  -6.76456579  -6.72095999  -6.027089
   -5.36779169 -15.49201991  -6.49933816  -6.61417303  -8.22286752
   -6.46925487  -5.06946082 -15.89748501  -6.45845649  -6.68046699
   -6.43432579  -6.2882343   -4.79359603 -15.89748501  -6.083594
   -6.53065385  -6.39034179  -5.85447468 -13.70026044  -3.71650456
  -15.20433783  -4.93636343 -16.59063219  -5.98540944  -6.55261375
   -6.46756744  -6.38522688  -5.38510183  -6.29797831  -6.80070535
   -8.03768583  -6.63887842  -5.06988738 -15.89748501  -6.28836852
   -6.52971363  -6.51900653  -6.50837104  -5.07187377 -16.59063219
   -6.61009101  -6.58409179  -6.47518338  -6.21423898  -4.00527074
  -14.39340762  -5.05195127 -16.59063219  -6.26249801  -6.67447524
   -6.40222889  -6.45670775  -5.36344403 -14.98119428  -6.43188246
   -6.68385008  -7.73853943  -6.57945684  -6.47818115 -16.59063219
   -7.90589273  -7.86155864  -7.72053115  -7.98854654  -5.18483547
  -16.59063219  -7.02499783  -6.55910329  -6.52006363  -6.30840003
   -5.256367   -15.89748501  -6.66420967 -15.89748501  -7.76624846
   -8.33454406  -7.96745868  -8.23407735  -6.76451177 -16.59063219
   -8.03114609  -7.90656955  -9.2016861   -7.92985827  -6.47623563
  -16.59063219  -7.86609968  -7.78585694  -7.71129902  -8.1355272
   -6.68864577 -15.89748501  -8.35103874  -8.19470309  -8.03306511
   -7.80356455  -3.81275266 -15.49201991  -5.54807843  -6.87588677
   -7.08598176  -7.11271042  -6.71605865  -5.27125507  -6.56976169
   -6.43378231  -7.96835853  -6.32968001  -5.07333629 -15.49201991
   -6.50841285  -6.52387849  -6.41681221  -6.39559506  -4.99174924
  -15.49201991  -6.80953829  -6.34703617  -6.4558742   -6.04594887
  -13.75741885  -3.93440792 -14.98119428  -5.03527004 -15.49201991
   -6.0806998   -6.84584733  -6.36992804  -6.54187615  -5.69137752
   -6.69447142  -7.16043366  -8.22054787  -6.82010477  -5.29161803
   -6.42987023  -6.95849415  -6.59315351  -6.81163135  -5.37213148
  -15.89748501  -6.82193397  -7.09248476  -6.57954663  -6.6188787
   -4.21095925 -15.89748501  -5.28810682 -15.89748501  -6.53339404
   -7.05639837  -6.5156734   -6.68026834  -5.52123202 -15.89748501
   -6.55949929  -6.95600496  -7.77942701  -6.71441307  -6.75676271
  -16.59063219  -8.18504118  -8.30992112  -7.84869673  -8.30184638
   -5.37800134 -15.89748501  -7.18406736  -6.94345725  -6.54326077
   -6.53352267  -4.00853012 -14.64472205  -5.17231416 -15.49201991
   -6.28091316  -6.98198561  -6.46184342  -6.63816402  -5.52064009
  -15.89748501  -6.62393513  -6.82170514  -7.8959625   -6.71456723
   -5.36304488 -15.89748501  -6.47332442  -6.97636122  -6.6761058
   -6.96085807  -5.57313484 -16.59063219  -7.27494131  -7.13765942
   -6.78393091  -6.74255165  -4.06453251 -15.49201991  -5.6278104
   -6.84438342  -7.49885016  -7.09278477  -6.77112426  -5.66979664
  -15.49201991  -6.82227732  -6.95941279  -8.31627519  -6.75483479
   -5.36235341 -16.59063219  -6.7614911   -7.01975435  -6.66386767
   -6.59858447  -5.21467258 -15.89748501  -6.99441736  -6.8372701
   -6.51976753  -6.22854959 -13.88258199  -3.84223526 -14.98119428
   -5.02694708 -15.20433783  -6.07312184  -7.02415702  -6.83581868
   -6.07914694  -5.62264082 -16.59063219  -6.45698576  -7.30296048
   -8.34001211  -6.78249982  -5.55500087 -15.89748501  -6.69881245
   -7.17563816  -7.02443722  -6.92698939  -4.90578911 -16.59063219
   -6.18029692  -6.80126564  -6.60455134  -5.85434422  -3.91708098
  -14.51119065  -5.12019678 -15.89748501  -6.36683808  -6.76532242
   -6.49859254  -6.43852829  -5.14922421 -15.49201991  -6.19388235
   -6.47009965  -7.82798617  -6.31189822  -6.65948084 -15.89748501
   -8.05599209  -8.18459405  -7.87688586  -8.09058516  -4.98521871
  -15.89748501  -6.6808644   -6.39675374  -6.26682376  -6.20539774
   -3.70853564 -14.79887273  -5.12173177 -16.59063219  -6.23759885
   -6.83756064  -6.56470579  -6.48289853  -5.28331738 -16.59063219
   -6.37040146  -6.61101728  -8.01385021  -6.38422919  -5.04958585
  -14.79887273  -6.21461296  -6.53390867  -6.43673618  -6.6025278
   -4.95330564 -16.59063219  -6.45639013  -6.66362345  -6.26030951
   -6.0737173   -3.45630072 -14.39340762  -5.0226316  -15.49201991
   -6.28394877  -6.83942208  -6.89085328  -5.93946193  -5.01333385
  -15.20433783  -6.22504718  -6.26233453  -7.76860487  -6.05765637
   -4.92311615 -15.49201991  -6.3479618   -6.53031185  -6.26767801
   -6.13257011  -4.50680628 -14.98119428  -6.08042719  -6.04666011
   -5.97023211  -5.56567883]
 [-13.07403486  -3.46995924 -13.89501541  -4.51940717 -15.1942984
   -5.57756002  -6.26530466  -6.05545403  -5.8542757   -5.25502551
  -16.29291069  -6.12172696  -6.78796228  -7.76774933  -6.51816601
   -4.99861398 -15.59976351  -6.22234213  -6.54718867  -6.29021148
   -6.51953182  -4.79709069 -15.1942984   -5.82493353  -6.65789099
   -6.22437491  -6.19657386  -4.09373175 -15.59976351  -4.9946647
  -15.1942984   -6.17479574  -6.64845296  -6.42681352  -6.33157885
   -5.60185253 -15.59976351  -6.63660326  -6.98526213  -8.13496718
   -6.75831526  -6.62710942  -8.04621474  -8.18730129  -7.92770385
   -7.91520947  -5.32096082  -6.94272142  -6.87702063  -6.54847748
   -6.52989283  -3.81730721 -14.68347278  -5.00209181 -15.1942984
   -6.08282118  -6.77258874  -6.34392409  -6.47590738  -5.37402943
  -15.59976351  -6.40210319  -6.69506553  -7.80886071  -6.61927665
   -5.16918336 -15.59976351  -6.29465856  -6.66794727  -6.56807145
   -6.75269119  -5.31072448 -15.1942984   -6.8153716   -6.83375902
   -6.64728754  -6.5243269   -3.62602653 -14.68347278  -4.88606822
  -16.29291069  -5.90919075  -6.79431341  -6.70660268  -5.99387369
   -5.37558836 -16.29291069  -6.49650736  -6.62451276  -8.17619506
   -6.49495033  -5.08279447 -16.29291069  -6.45657841  -6.68312328
   -6.44805911  -6.32153087  -4.79877057 -15.1942984   -6.02228314
   -6.59620133  -6.41361337  -5.87414743 -13.65385336  -3.7295308
  -14.90661633  -4.94756399 -14.68347278  -5.97930222  -6.56669745
   -6.46479344  -6.43384535  -5.39352671  -6.30733636  -6.81460637
   -7.93941359  -6.66933547  -5.08493554 -14.90661633  -6.31186042
   -6.54036231  -6.51068722  -6.54088576  -5.08834631 -15.59976351
   -6.63366265  -6.55713198  -6.50770004  -6.24445736  -3.98331171
  -14.90661633  -5.05897188 -15.59976351  -6.27546964  -6.68607868
   -6.41499739  -6.44694632  -5.32066886 -16.29291069  -6.42878786
   -6.59423573  -7.64996629  -6.54935717  -6.38912318 -15.59976351
   -7.8472135   -7.73093535  -7.60631233  -7.94983282  -5.16683959
  -15.1942984   -7.03922351  -6.52650368  -6.49528378  -6.29193351
   -5.17305744 -15.1942984   -6.60317344 -15.59976351  -7.74577042
   -8.2537533   -7.87553783  -8.16846383  -6.63820506 -15.59976351
   -7.93447879  -7.72788017  -9.01428175  -7.8510878   -6.37330375
  -15.1942984   -7.73304122  -7.65067201  -7.61598244  -8.11091055
   -6.64897137 -16.29291069  -8.34099931  -8.09015431  -8.01651598
   -7.77391911  -3.82171988 -14.90661633  -5.57494367  -6.90744123
   -7.12610432  -7.1245388   -6.73997401  -5.26882107  -6.59878706
   -6.4104425   -7.91429015  -6.3321925   -5.07364513 -15.1942984
   -6.51612079  -6.50635029  -6.41345971  -6.40880985  -5.00726231
  -15.1942984   -6.85583323  -6.34382855  -6.46070434  -6.06846346
  -13.58486049  -3.92081526 -13.99032559  -5.03048712 -14.68347278
   -6.06256843  -6.87247148  -6.32908091  -6.58022051  -5.68494044
   -6.69431919  -7.14316994  -8.09537195  -6.84583949  -5.25834366
   -6.40656929  -6.89825076  -6.51379659  -6.84844726  -5.36271868
  -16.29291069  -6.79378885  -7.07718484  -6.5613984   -6.63801271
   -4.18483683 -14.21346915  -5.28690183 -16.29291069  -6.54391554
   -7.02100496  -6.51192981  -6.69242191  -5.46824437 -16.29291069
   -6.54859473  -6.89261133  -7.63874204  -6.65306321  -6.62666561
  -15.59976351  -8.09978697  -8.11146999  -7.70451374  -8.21608466
   -5.37655031 -16.29291069  -7.2097221   -6.91553162  -6.52078545
   -6.55719111  -3.98094767 -14.68347278  -5.14104118 -15.1942984
   -6.26063422  -6.97766991  -6.3958437   -6.61456869  -5.4730924
  -14.68347278  -6.59626282  -6.75549927  -7.74131607  -6.69771616
   -5.32030832 -16.29291069  -6.44858945  -6.89958231  -6.60156493
   -6.96719016  -5.59220877 -15.1942984   -7.2860338   -7.12903319
   -6.80380286  -6.78483891  -4.08680304 -14.21346915  -5.64219031
   -6.84276632  -7.5034029   -7.11705825  -6.79814354  -5.67263267
  -16.29291069  -6.84773538  -6.94211296  -8.23648392  -6.77134263
   -5.38460884 -15.1942984   -6.77803113  -7.03292338  -6.6751072
   -6.64238177  -5.2548808  -15.59976351  -7.04094864  -6.88519596
   -6.56330045  -6.25918466 -13.29717841  -3.84170211 -15.1942984
   -5.02277041 -16.29291069  -6.09462891  -7.0378838   -6.84820991
   -6.03553206  -5.65127869 -15.59976351  -6.49001725  -7.29911072
   -8.33608357  -6.83188942  -5.560653   -16.29291069  -6.66563788
   -7.19820566  -7.05301151  -6.94873897  -4.89130792 -15.59976351
   -6.13668195  -6.8304118   -6.63289695  -5.82496196  -3.9291892
  -15.1942984   -5.14633539 -16.29291069  -6.37774163  -6.80440842
   -6.536532    -6.46075803  -5.14567208 -15.1942984   -6.21753077
   -6.44991652  -7.75336909  -6.30862687  -6.61582198 -16.29291069
   -7.98200393  -8.13754857  -7.82890732  -8.08769226  -5.00932292
  -15.59976351  -6.71702483  -6.39967551  -6.29570513  -6.23524388
   -3.72188595 -14.68347278  -5.13390682 -14.68347278  -6.25984329
   -6.84995179  -6.57256503  -6.48631957  -5.282165   -15.59976351
   -6.39152534  -6.5878131   -7.92236308  -6.39715293  -5.05446154
  -15.59976351  -6.22229982  -6.54071125  -6.41540783  -6.63264185
   -4.98606273 -14.90661633  -6.48576885  -6.68124711  -6.29270486
   -6.11767991  -3.47639607 -14.50115122  -5.02534882 -15.1942984
   -6.31742811  -6.87036638  -6.9003321   -5.9073983   -5.04482354
  -15.1942984   -6.27221804  -6.27292982  -7.75709203  -6.10116623
   -4.94209247 -16.29291069  -6.37379588  -6.53381327  -6.267958
   -6.17314308  -4.53127529 -16.29291069  -6.11175352  -6.07636576
   -5.98116194  -5.59184837]]